1 42. 58. 2014
1 46. 60. 2006
1 42. 69. 2014
1 35. 50. 2009
1 43. 61. 2014
1 34. 33. 1980
1 49.5 71. 2008
1 38. 47. 2007
1 40. 38. 1987
1 30. 27. 1970
1 27. 24. 1974
1 46. 69. 2015
1 35. 30. 1977
1 50. 100. 2014
1 32. 29.5 1972
1 27. 20. 1968
1 32. 25. 1982
1 36. 37.5 1987
1 26.5 26. 1978
1 34. 30. 1987
1 45. 44. 2004
1 34. 23.5 1971
1 32. 27. 1980
1 42. 58. 2014
1 42. 45. 2002
1 46. 67. 2014
1 41. 50. 2013
1 34. 27. 1964
1 40. 34. 1970
1 43. 45. 2008
1 35. 35. 1971
1 44. 45. 2009
1 32. 30. 1976
1 38. 36. 1988
1 35. 32.5 1982
1 29. 25. 1989
1 49. 49. 2006
1 32. 26. 1966
1 35. 35. 1971
1 25. 25. 1973
1 22. 21. 1971
1 44. 69. 2014
1 42. 72. 2014
1 52. 62. 2015
1 33. 26. 1976
1 37. 28. 1983
1 27. 24.7 1968
1 46. 73. 2015
1 35. 39.5 2015
1 37. 40. 2007
1 26. 25. 1978
1 51. 79. 2013
1 54. 73. 2010
1 22. 20.5 1973
1 32. 34. 1979
1 39. 46. 1989
1 36. 31. 1974
1 34. 29. 1998
1 35. 34. 1978
1 45. 42. 2004
1 50. 50. 2000
1 33. 35. 1976
1 64. 90. 2008
1 37. 28. 1983
1 52. 62. 2013
1 33. 34. 1974
1 27. 28. 1980
1 43. 30. 2009
1 68. 90. 1917
1 60. 67. 2006
1 29. 24.5 1968
1 34. 40. 1975
1 26. 31. 1983
2 50. 218. 2015
2 65. 70. 2013
2 84. 140. 2010
2 73. 145. 2014
2 51. 35. 1976
2 75. 111. 2009
2 76. 79. 2014
2 91. 165. 2008
2 80. 240. 2014
2 45. 34. 1965
2 78. 182. 2014
2 45. 34. 1965
2 70. 64. 2014
2 72. 96. 2007
2 55. 55. 1990
2 45. 33. 1968
2 71. 77.7 2010
2 78. 95. 2016
2 52. 42. 1999
2 54. 65. 2007
2 72. 82. 2014
2 77. 89. 2010
2 46. 34. 1970
2 62. 52. 2012
2 68. 99. 2001
2 64. 95. 2008
2 84. 110. 2007
2 73. 83. 2016
2 48. 85. 2014
2 54. 64. 1967
2 73. 115. 2009
2 48. 39. 1967
2 46. 64. 2014
2 46. 38. 1980
2 33. 29.5 1962
2 64. 125. 2008
2 47. 33. 1964
2 51. 40. 1987
2 53. 60. 1990
2 50. 31. 1972
2 46. 30. 1968
2 44. 31. 1960
2 73. 70. 2003
2 90. 110. 2008
2 52. 48. 1975
2 38. 38. 1961
2 65. 90. 2002
2 72. 150. 1900
2 76. 125. 1932
2 57. 90. 1938
2 47. 31. 1968
2 45. 32. 1964
2 58. 45. 1971
2 75. 110. 2007
2 60. 110. 2012
2 80. 129. 2007
2 84. 90. 2013
2 44. 71. 1967
2 59. 54. 2012
2 52. 57. 1977
2 42. 84. 2014
2 70. 51. 1992
2 50. 65. 1984
2 42. 32. 1963
2 67. 127. 1940
2 57. 47. 2014
2 52. 54. 1976
2 52. 62. 1966
2 64. 205. 2015
2 56. 48. 1990
2 55. 45. 1976
2 54. 45. 1978
2 100. 230. 2008
2 45. 39. 1978
2 103. 260. 2014
2 56. 87. 1987
2 50. 65. 1979
2 43. 34. 1968
2 45. 36. 1969 
2 50. 35. 1982
2 49. 37. 1970
2 80. 135. 2007
2 45. 31. 1968
2 64. 82. 2008
2 79. 193. 2007
2 49. 42. 1965
2 56. 61. 2009
2 54. 39 1973
2 47. 50. 1971
2 52. 38. 1976

